5x8

0010000001010000010100001000100011111000100010001000100000000000	// A	0x22951FC620
0010000001010000010100001000100011111000100010001000100000000000

0010000001010000010100001000100011111000100010001000100000000000

1111000010001000100010001111000010001000100010001111000000000000	// B	F08888F08888F000
1111000010001000100010001111000010001000100010001111000000000000

0100000011100000111000001110000001000000000000000100000000000000	// ! 40E0E0E040004000


0111100010000000100000001000000010000000100000000111100000000000	// C	0x7C210841E0
0111000010000000100000001000000010000000100000000111000000000000
0111100010000000100000001000000010000000100000000111100000000000

0011110000100010001000101011110010100010101000101011110000000000

1111000010001000100010001000100010001000100010001111000000000000	// D
1111000010001000100010001000100010001000100010001111000000000000

11111000
10000000
10000000
11100000
10000000
10000000
11111000
00000000

11111000
10000000
10000000
11100000
10000000
10000000
10000000
00000000

01111000
10000000
10000000
10110000
10001000
10001000
01110000
00000000

10001000
10001000
10001000
11111000
10001000
10001000
10001000
00000000

00100000
00100000
00100000
00100000
00100000
00100000
00100000
00000000

11110000
00010000
00010000
00010000
00010000
00100000
11000000
00000000

10001000
10010000
10100000
11000000
10100000
10010000
10001000
00000000

10000000
10000000
10000000
10000000
10000000
10000000
11111000
00000000

10001000
11011000
10101000
10001000
10001000
10001000
10001000
00000000

10001000
11001000
11001000
10101000
10011000
10011000
10001000
00000000

01110000
10001000
10001000
10001000
10001000
10001000
01110000
00000000

10001000
10001000
10001000
10001000
10001000
10001000
01110000
00000000

11110000
10001000
10001000
11110000
10000000
10000000
10000000
10000000
00000000

11110000
10001000
10001000
11110000
10100000
10010000
10001000
00000000

01111000
10000000
10000000
01110000
00001000
00001000
11110000
00000000

11111000
00100000
00100000
00100000
00100000
00100000
00000000

10001000
10001000
10001000
10101000
10101000
11011000
10001000
00000000

10001000
10001000
01010000
00100000
01010000
10001000
10001000
00000000

10001000
10001000
01010000
00100000
00100000
00100000
00100000
00000000

11111000
00001000
00010000
00100000
01000000
10000000
10000000
00000000

10001000
10001000
10001000
10001000
10001000
01010000
00100000
00000000

00000000
00000000
01100000
00010000
01110000
10010000
01101000
00000000

10000000
10000000
10000000
11100000
10010000
10010000
11100000
00000000

00000000
00000000
00000000
01100000
10000000
10000000
01100000
00000000

00010000
00010000
00010000
01110000
10010000
10010000
01110000
00000000

00000000
00000000
00000000
01100000
10010000
11100000
10000000
01110000
00000000

01100000
10010000
10000000
11100000
10000000
10000000
10000000
00000000

00000000
00000000
01100000
10010000
01110000
00010000
01100000
00000000

10000000
10000000
10000000
11100000
10010000
10010000
10010000
00000000

00000000
00000000
00100000
00000000
00100000
00100000
00100000
00000000

00000000
00000000
00100000
00000000
00100000
00100000
00100000
01000000

10000000
10000000
10010000
10100000
11000000
10100000
10010000
00000000

10000000
10000000
10000000
10000000
10000000
10010000
01100000
00000000

00000000
00000000
00000000
01010000
10101000
10101000
10101000




char font[255] = 